blueorange = [ 0.0862745098039216, 0.00392156862745098, 0.298039215686275 
0.08982329931935286, 0.006456462026374212, 0.317811345363286 
0.09337208883478411, 0.008991355425297444, 0.33758347504029695 
0.09692087835021537, 0.011526248824220677, 0.35735560471730793 
0.10046966786564662, 0.014061142223143908, 0.3771277343943189 
0.10401845738107789, 0.016596035622067143, 0.3968998640713299 
0.10756724689650915, 0.019130929020990374, 0.41667199374834085 
0.1111160364119404, 0.021665822419913605, 0.4364441234253518 
0.11340168241333767, 0.024661032165175043, 0.45340494373553814 
0.11218083286206953, 0.02893408342513443, 0.4625615488616119 
0.1109599833108014, 0.03320713468509382, 0.4717181539876857 
0.10973913375953327, 0.03748018594505321, 0.48087475911375943 
0.10851828420826513, 0.0417532372050126, 0.49003136423983323 
0.10729743465699701, 0.04602628846497199, 0.499187969365907 
0.10607658510572887, 0.05029933972493138, 0.5083445744919808 
0.09331021241785199, 0.04876183815739442, 0.5194176988394122 
0.07835474816590786, 0.046122625387451474, 0.5308542052536591 
0.06339928391396372, 0.04348341261750853, 0.5422907116679061 
0.04844381966201959, 0.04084419984756559, 0.5537272180821531 
0.038521432139711945, 0.04442266469293837, 0.5642553393014402 
0.03670853298500114, 0.05801929278187287, 0.5733198350749943 
0.03489563383029033, 0.07161592087080738, 0.5823843308485482 
0.033082734675579525, 0.0852125489597419, 0.5914488266221023 
0.03153129829389241, 0.09893905159962488, 0.6005293276463081 
0.0343354355690541, 0.11482906748563648, 0.609876451896847 
0.03713957284421579, 0.1307190833716481, 0.619223576147386 
0.03994371011937749, 0.1466090992576597, 0.628570700397925 
0.04274784739453918, 0.1624991151436713, 0.6379178246484639 
0.04481715070521909, 0.1759049571056668, 0.6448154071591428 
0.046767936262570996, 0.1889101388823944, 0.6513179151390789 
0.0487187218199229, 0.20191532065912202, 0.657820423119015 
0.050669507377274804, 0.2149205024358496, 0.6643229310989512 
0.05262029293462671, 0.2279256842125772, 0.6708254390788874 
0.0545710784919786, 0.24093086598930472, 0.6773279470588235 
0.054902, 0.2508731667144937, 0.6816883716056075 
0.054902, 0.26018975245027703, 0.6856111906136431 
0.054902, 0.2695063381860604, 0.6895340096216785 
0.054902, 0.27882292392184366, 0.6934568286297141 
0.054902, 0.288139509657627, 0.6973796476377497 
0.054902, 0.2974560953934104, 0.7013024666457853 
0.054902, 0.3067726811291937, 0.7052252856538209 
0.054902, 0.31608926686497696, 0.7091481046618564 
0.054569855699292166, 0.3242898013180376, 0.7124610866487674 
0.054171027288259704, 0.33226626783825564, 0.7156516325766821 
0.05377219887722724, 0.3402427343584737, 0.7188421785045969 
0.05337337046619478, 0.3482192008786917, 0.7220327244325115 
0.05297454205516231, 0.3561956673989098, 0.7252232703604263 
0.05257571364412985, 0.36417213391912784, 0.728413816288341 
0.05217688523309739, 0.37214860043934583, 0.7316043622162558 
0.05177805682206493, 0.38012506695956383, 0.7347949081441705 
0.051379228411032464, 0.38810153347978193, 0.7379854540720853 
0.0509804, 0.396078, 0.741176 
0.0491349568627451, 0.4071507843137255, 0.7454820392156862 
0.04728951372549021, 0.4182235686274509, 0.7497880784313725 
0.0454440705882353, 0.42929635294117646, 0.7540941176470588 
0.04359862745098039, 0.44036913725490195, 0.7584001568627451 
0.04175318431372549, 0.45144192156862745, 0.7627061960784314 
0.0399077411764706, 0.4625147058823529, 0.7670122352941176 
0.03844675882352941, 0.47358739215686274, 0.7705493529411764 
0.03721645294117647, 0.48466001960784316, 0.7736251176470588 
0.035986147058823525, 0.49573264705882353, 0.7767008823529411 
0.0347558411764706, 0.5068052745098038, 0.7797766470588235 
0.03352553529411764, 0.5178779019607843, 0.7828524117647059 
0.0322952294117647, 0.5289505294117647, 0.7859281764705882 
0.0313725, 0.5402018875658186, 0.789119092570842 
0.0313725, 0.5519894378290925, 0.7926554628542101 
0.0313725, 0.5637769880923663, 0.796191833137578 
0.0313725, 0.5755645383556405, 0.7997282034209461 
0.0313725, 0.5873520886189144, 0.803264573704314 
0.0313725, 0.5991396388821885, 0.8068009439876821 
0.0313725, 0.6109271891454624, 0.81033731427105 
0.030686504498252627, 0.6239180159928419, 0.8134800106205788 
0.02953605546507661, 0.637723521737313, 0.8163561698742561 
0.028385606431900596, 0.6515290274817839, 0.8192323291279332 
0.027235157398724598, 0.6653345332262547, 0.8221084883816103 
0.026084708365548565, 0.6791400389707258, 0.8249846476352876 
0.024934259332372546, 0.6929455447151969, 0.8278608068889647 
0.02378381029919653, 0.7067510504596678, 0.8307369661426419 
0.026665552705750366, 0.7201084854266825, 0.8336130111508377 
0.030692146324308684, 0.7333387006472386, 0.8364890237215664 
0.034718739942867005, 0.7465689158677947, 0.8393650362922951 
0.03874533356142532, 0.7597991310883508, 0.8422410488630238 
0.042771927179983585, 0.7730293463089067, 0.8451170614337524 
0.04679852079854196, 0.7862595615294631, 0.8479930740044811 
0.050825114417100276, 0.7994897767500192, 0.8508690865752098 
0.0543243452656655, 0.8093630740305169, 0.8543239793739822 
0.057802422583076996, 0.8191017189004424, 0.8578020921678604 
0.06128049990048849, 0.828840363770368, 0.8612802049617386 
0.06475857721789999, 0.8385790086402934, 0.8647583177556168 
0.06823665453531148, 0.848317653510219, 0.868236430549495 
0.08245599373837956, 0.8578084103145681, 0.8701036085744033 
0.11909686111324025, 0.8667817205372278, 0.8686080886509812 
0.1557377284881004, 0.8757550307598874, 0.8671125687275592 
0.19237859586296055, 0.8847283409825469, 0.865617048804137 
0.2290194632378207, 0.8937016512052064, 0.8641215288807149 
0.26553302715502125, 0.9026409960498816, 0.8629490074850659 
0.30057390134620043, 0.911187417841895, 0.8655130429914547 
0.3356147755373796, 0.9197338396339085, 0.8680770784978435 
0.3706556497285583, 0.9282802614259218, 0.8706411140042323 
0.405696523919738, 0.9368266832179354, 0.8732051495106212 
0.43386584145924617, 0.9428081693701252, 0.8717897639601007 
0.4549143991909399, 0.9461317001943552, 0.8662506400840699 
0.4759629569226337, 0.9494552310185852, 0.8607115162080392 
0.4970115146543274, 0.9527787618428152, 0.8551723923320084 
0.5180600723860211, 0.9561022926670452, 0.8496332684559776 
0.5391086301177149, 0.9594258234912751, 0.8440941445799469 
0.5601571878494084, 0.9627493543155051, 0.8385550207039163 
0.5800668584292327, 0.9660728516641083, 0.8359774258320541 
0.5983462540385759, 0.9693963010935857, 0.8376391505467928 
0.616625649647919, 0.9727197505230629, 0.8393008752615315 
0.6349050452572622, 0.9760431999525403, 0.8409625999762702 
0.6531844408666054, 0.9793666493820177, 0.8426243246910089 
0.6735201542774042, 0.980392, 0.8464029045932956 
0.6947733420448079, 0.980392, 0.8511259690250876 
0.7160265298122113, 0.980392, 0.8558490334568797 
0.7372797175796152, 0.980392, 0.8605720978886717 
0.7585329053470189, 0.980392, 0.8652951623204639 
0.7782885274576924, 0.980392, 0.8709115804190044 
0.7974311152536634, 0.980392, 0.8768936963087709 
0.8165737030496344, 0.980392, 0.8828758121985375 
0.8353990946608948, 0.9813855320133272, 0.891242498620913 
0.853807049407915, 0.983686573095667, 0.902747330120914 
0.8722150041549349, 0.9859876141780067, 0.9142521616209148 
0.8904041643798827, 0.9882352915165185, 0.9255942420873363 
0.8993772540094933, 0.9882351793505613, 0.930080917762425 
0.908350343639104, 0.9882350671846042, 0.9345675934375137 
0.9292490417620138, 0.9903519556804415, 0.9436056906327613 
0.9679599494660566, 0.9956308177973706, 0.9594418370893697 
0.9990904468949905, 0.9990904468949905, 0.9673948853461224 
0.9938123206509195, 0.9938123206509195, 0.9374855032963872 
0.9885341944068486, 0.9885341944068486, 0.9075761212466521 
0.9891171203205709, 0.9847079893059514, 0.882954871665155 
0.9900518820820471, 0.9809689422600464, 0.8586510658667726 
0.9909866438435234, 0.9772298952141412, 0.8343472600683889 
0.9919214056049996, 0.9734908481682361, 0.8100434542700058 
